  1 2 3 4 5 6 7 8 9 0 1 2 3 4 5 6 7 8 9 0 1 2
  0 0 0 0 0 0 0 0 0 0 0 0 0 1 0 0 0 0 0 0 0 0
  0 0 0 0 0 0 0 0 0 0 0 1 0 0 0 0 0 0 0 0 1 0
  0 0 0 0 0 0 0 0 0 1 0 0 1 0 0 0 0 0 0 0 0 0
  0 0 1 0 0 0 0 0 0 0 0 0 0 0 0 1 0 0 0 0 0 0
  0 0 0 0 0 0 0 0 0 0 0 0 0 0 1 0 0 0 0 1 0 0
  0 1 0 0 0 0 0 0 0 0 0 0 0 0 0 0 0 0 0 0 0 0
  0 0 0 0 0 0 0 0 0 0 1 0 0 0 0 0 0 0 0 0 0 0
  0 0 1 0 0 0 0 0 0 0 0 0 0 0 0 0 0 0 0 0 0 1
  0 0 0 0 1 0 1 0 0 0 0 0 0 0 0 0 0 0 1 0 0 0
  1 0 0 1 0 0 0 0 0 0 0 0 0 0 0 0 0 0 0 0 0 0
  0 0 0 0 0 0 0 0 1 0 0 0 0 0 0 0 0 0 0 0 0 0
  0 0 0 0 0 0 0 0 0 0 0 0 0 0 0 0 1 0 0 0 0 0
  0 0 0 0 0 0 0 0 0 0 0 0 0 1 0 0 0 1 0 0 0 0
  0 0 0 0 0 0 0 0 0 0 0 0 0 0 0 0 0 1 0 0 0 1
  0 0 0 0 0 0 0 0 0 0 0 0 0 0 0 0 0 0 0 1 0 0
  0 0 0 0 0 0 0 1 0 0 0 0 0 0 0 0 0 0 0 0 0 0
  0 0 0 0 0 1 0 0 0 0 0 0 0 0 0 0 0 0 0 0 0 0
  0 0 0 1 0 0 0 1 0 0 0 0 0 0 0 0 0 0 0 0 0 0
  0 0 0 0 0 0 0 0 0 0 1 0 0 0 1 0 0 0 0 0 0 0
  0 0 0 0 0 0 1 0 0 0 0 0 0 0 0 0 0 0 0 0 0 0
  0 0 0 0 0 0 0 0 0 0 0 0 0 0 0 0 1 0 0 0 0 0
  0 0 0 0 0 0 0 0 0 1 0 0 1 0 0 0 0 0 0 0 0 0
g1
  1 3 4 8 0 3 4 6 8 2
 0 0 0 0 0 0 1 0 0 0
 0 0 0 0 1 1 0 0 0 0
 0 1 0 0 0 0 0 1 0 0
 0 1 0 0 0 0 0 0 0 1
 1 0 1 0 0 0 0 0 0 0
 0 0 0 0 0 0 1 0 1 0
 0 0 0 0 0 0 0 0 1 1
 0 0 0 1 0 0 0 0 0 0
 0 0 1 1 0 0 0 0 0 0
 0 0 0 0 1 1 0 0 0 0
g2
  2 6 2 7 1  
0 0 1 0 1
1 0 0 0 0
0 0 0 1 0
0 1 0 0 0
0 0 0 1 0
g3
  5 7 9 1 5 9 0 
0 0 0 0 1 0 1
0 0 0 1 0 0 0
1 1 0 0 0 1 0
0 0 1 0 0 0 0
0 0 0 0 0 0 1
0 0 0 1 1 0 0
0 1 0 0 0 0 0

