1       3       4       4       4
0       2       2       1       0
0       0       1       2       2
0       3       0       3       4
0       1       1       2       3
0       3       1       3       2


1       3       4       4       4
0       2       2       1       0
0       0       1       2       2
0       0       2       4       4
0       0       0       4       3
0       0       3       4       2


1       3       4       4       4
0       2       2       1       0
0       0       1       0       3
0       0       0       4       3
0       0       0       0       0
0       0       0       0       0

1       3       0       0       4
0       2       0       0       2
0       0       1       0       3
0       0       0       1       2
0       0       0       0       0
0       0       0       0       0


1       0       0       0       1
0       1       0       0       1
0       0       1       0       3
0       0       0       1       2
0       0       0       0       0
0       0       0       0       0


he so can tim:
a[0]= 4
a[1]= 4
a[2]= 2
a[3]= 3
a[4]= 1

vector2: 0 1 0 0 0 0

1       1       1       0       0       2
0       3       2       0       3       2
0       0       3       4       3       0
0       3       0       2       4       0
0       2       1       1       3       1
0       3       0       1       0       1

1       1       1       0       0       2
0       3       2       0       3       2
0       0       3       4       3       0
0       0       0       3       3       3
0       0       3       1       1       3
0       0       3       1       2       4


1       1       1       0       0       2
0       3       2       0       3       2
0       0       3       4       3       0
0       0       0       3       3       3
0       0       0       0       1       1
0       0       0       0       0       0


1       1       1       0       0       2
0       3       2       0       0       4
0       0       3       4       0       2
0       0       0       3       0       0
0       0       0       0       1       1
0       0       0       0       0       0


1       0       0       0       0       1
0       3       0       0       0       1
0       0       1       0       0       4
0       0       0       1       0       0
0       0       0       0       1       1
0       0       0       0       0       0

1       0       0       0       0       1
0       1       0       0       0       2
0       0       1       0       0       4
0       0       0       1       0       0
0       0       0       0       1       1
0       0       0       0       0       0

he so can tim:
a[0]= 4
a[1]= 3
a[2]= 1
a[3]= 0
a[4]= 4
a[5]= 1

vector 3: 0 0 1 0 0 0

1       4       2       4       1       3
0       4       0       2       3       1
0       3       1       4       2       2
0       2       1       1       1       4
0       2       4       0       1       1
0       3       0       2       2       3

1       4       2       4       1       3
0       4       0       2       3       1
0       0       1       0       1       0
0       0       1       0       2       1
0       0       4       4       2       3
0       3       0       2       2       3

1       4       2       4       1       3
0       4       0       2       3       1
0       0       1       0       1       0
0       0       0       4       3       3
0       0       0       0       1       1
0       0       0       0       0       0

1       4       2       4       0       2
0       4       0       2       0       3
0       0       1       0       0       4
0       0       0       4       0       0
0       0       0       0       1       1
0       0       0       0       0       0


1       4       0       0       0       4
0       4       0       0       0       3
0       0       1       0       0       4
0       0       0       1       0       0
0       0       0       0       1       1
0       0       0       0       0       0

1       0       0       0       0       1
0       1       0       0       0       2
0       0       1       0       0       4
0       0       0       1       0       0
0       0       0       0       1       1
0       0       0       0       0       0

he so can tim:
a[0]= 4
a[1]= 3
a[2]= 1
a[3]= 0
a[4]= 4
a[5]= 1

vector 4: 0 0 0 1 0 0

1       1       0       3       2       0
0       0       1       0       3       2
0       2       2       0       0       2
0       2       1       2       2       0
0       1       0       0       3       0
0       1       4       4       1       4

1       1       0       3       2       0
0       2       2       0       0       2
0       0       1       0       3       2
0       0       4       2       2       3
0       0       4       0       3       4
0       0       3       4       1       3

1       1       0       3       2       0
0       2       2       0       0       2
0       0       1       0       3       2
0       0       0       2       0       0
0       0       0       0       1       1
0       0       3       4       1       3


1       1       0       3       2       0
0       2       2       0       0       2
0       0       1       0       3       2
0       0       0       2       0       0
0       0       0       0       1       1
0       0       0       0       0       0


1       1       0       0       0       3
0       2       2       0       0       2
0       0       1       0       0       4
0       0       0       2       0       0
0       0       0       0       1       1
0       0       0       0       0       0

1       0       0       0       0       1
0       1       0       0       0       2
0       0       1       0       0       4
0       0       0       1       0       0
0       0       0       0       1       1
0       0       0       0       0       0

he so can tim:
a[0]= 4
a[1]= 3
a[2]= 1
a[3]= 0
a[4]= 4
a[5]= 1

vector 5: 0 0 0 0 1 0

1       1       3       1       2       2
0       3       0       4       1       2
0       3       3       3       2       0
0       2       1       4       1       4
0       2       0       2       2       1
0       3       3       3       3       1

1       1       3       1       2       2
0       3       0       4       1       2
0       0       3       4       1       3
0       0       0       0       0       0
0       0       0       1       3       3
0       0       3       4       2       4

1       1       3       1       2       2
0       3       0       4       1       2
0       0       3       4       1       3
0       0       0       1       0       0
0       0       0       0       1       1
0       0       0       0       0       0

1       1       3       1       0       0
0       3       0       0       0       1
0       0       3       0       0       2
0       0       0       1       0       0
0       0       0       0       1       1
0       0       0       0       0       0

1       0       0       0       0       1
0       1       0       0       0       2
0       0       1       0       0       4
0       0       0       1       0       0
0       0       0       0       1       1
0       0       0       0       0       0
he so can tim:
a[0]= 4
a[1]= 3
a[2]= 1
a[3]= 0
a[4]= 4
a[5]= 1

vector 6:

1       3       0       4       2       4
0       1       0       3       2       4
0       0       0       3       4       4
0       2       0       2       2       1
0       2       2       3       2       4
0       0       1       2       4       3

1       3       0       4       2       4
0       1       0       3       2       4
0       0       2       2       3       1
0       0       0       1       3       3
0       0       0       3       4       4
0       0       1       2       4       3

1       3       0       4       2       4
0       1       0       3       2       4
0       0       2       2       3       1
0       0       0       1       3       3
0       0       0       0       2       2
0       0       0       0       0       0

1       3       0       4       0       2
0       1       0       3       0       2
0       0       2       2       0       3
0       0       0       1       0       0
0       0       0       0       2       2
0       0       0       0       0       0

1       3       0       0       0       2
0       1       0       0       0       2
0       0       2       0       0       3
0       0       0       1       0       0
0       0       0       0       1       1
0       0       0       0       0       0

1       0       0       0       0       1
0       1       0       0       0       2
0       0       1       0       0       4
0       0       0       1       0       0
0       0       0       0       1       1
0       0       0       0       0       0

he so can tim:
a[0]= 4
a[1]= 3
a[2]= 1
a[3]= 0
a[4]= 4
a[5]= 1
